With calibration version 1 all parameters:
Calibration converged after 13 iterations

w0_weights = [0.28211713 0.5932805  0.12262111 0.00198126], w0_mean = 9.457639356546489, w0_mean_targ = 9.4583902
w0_sd = 3.202264880678558, w0_sd_targ = 3.2021863
w1 = 0.0260162353515625, w1 moment = 0.3370956398875129, w1 mom targ = 0.3373249115371255
w2 = -0.0005016326904296875, w2 moment = 0.2888100832838636, w2 mom targ = 0.2886899363236042
wH = 0.04150390625, wH moment = 0.04271345336428567, wH mom targ = 0.043458432
alpha = 0.37500625, alpha moment = 0.318593280660464, alpha mom targ = 0.318548271372549

Calibration ran in 63.77040099998703 seconds
Main.py executed in 92.25119539996376 seconds

With calibration v2 3 parameters:

Calibration converged after 15 iterations
w0_weights = [3.95643400e-01 5.93313178e-01 1.10427806e-02 6.41458603e-07], w0_mean = 9.45824035268356, w0_mean_targ = 9.4583902
w0_sd = 3.2026518262610657, w0_sd_targ = 3.2021863
w1 = 0.16693115234375, w1 moment = 0.33715578449180006, w1 mom targ = 0.3373249115371255
w2 = -0.02, w2 moment = 11.794382482999563, w2 mom targ = 0.2886899363236042
wH = 0.25, wH moment = 0.19272388098455795, wH mom targ = 0.043458432
alpha = 0.45, alpha moment = 0.1396378447869162, alpha mom targ = 0.318548271372549
Calibration ran in 52.93856480001705 seconds
Main.py executed in 79.97229859995423 seconds

With calibration v2 4 parameters:
wH calibration converged after 12 iterations
w0_weights = [0.31138712 0.59900184 0.08887016 0.00074088], w0_mu_mom = 9.458642591316389, w0_mu_mom_targ = 9.4583902
w0_sd_mom = 3.2017845225091084, w0_sd_mom_targ = 3.2021863
w0_weights = [0.31138712 0.59900184 0.08887016 0.00074088], w0_mu_mom = 9.458642591316389, w0_mu_mom_targ = 9.4583902
w0_sd_mom = 3.2017845225091084, w0_sd_mom_targ = 3.2021863
w0_sd_mom = 3.2017845225091084, w0_sd_mom_targ = 3.2021863
w1 = 0.1654052734375, w1 moment = 0.33726794250273695, w1 mom targ = 0.3373249115371255
w2 = -0.02, w2 moment = 11.794537167957007, w2 mom targ = 0.2886899363236042
wH = 0.10009765625, wH moment = 0.042945824567224955, wH mom targ = 0.043458432
alpha = 0.45, alpha moment = 0.139861669183592
Main.py executed in 535.8403027000022 seconds

With calibration v2 5 parameters:
wH calibration converged after 12 iterations
w0_weights = [0.28211562 0.59315386 0.12274143 0.00198909], w0_mu_mom = 9.458344296447518, w0_mu_mom_targ = 9.4583902
w0_sd_mom = 3.203057733004002, w0_sd_mom_targ = 3.2021863
w1 = 0.0260162353515625, w1 moment = 0.33709548663193756, w1 mom targ = 0.3373249115371255
w2 = -0.0005016326904296875, w2 moment = 0.2888099851576005, w2 mom targ = 0.2886899363236042
wH = 0.04150390625, wH moment = 0.04271345336428567, wH mom targ = 0.043458432
alpha = 0.45, alpha moment = 0.3827708732599606, alpha mom targ = 0.318548271372549
Calibration ran in 12882.514985999998 seconds
Main.py executed in 12908.5558233 seconds

With calibration v2 6 parameters:
Forever.... lol

Again original less nested alg with 6 parameters:
Calibration converged after 13 iterations
w0_weights = [0.28211713 0.5932805  0.12262111 0.00198126], w0_mean = 9.457639356546489, w0_mean_targ = 9.4583902
w0_sd = 3.202264880678558, w0_sd_targ = 3.2021863
w1 = 0.0260162353515625, w1 moment = 0.3370956398875129, w1 mom targ = 0.3373249115371255
w2 = -0.0005016326904296875, w2 moment = 0.2888100832838636, w2 mom targ = 0.2886899363236042
wH = 0.04150390625, wH moment = 0.04271345336428567, wH mom targ = 0.043458432
alpha = 0.37500625, alpha moment = 0.318593280660464, alpha mom targ = 0.318548271372549
Calibration ran in 72.75709079999797 seconds
Main.py executed in 100.07075639999675 seconds




